0[1]
0[2]
0[3]
0[4]
0[5]
0[6]
0[7]
0[8]
0[9]
0[10]
0[11]
0[12]
2201000
2200000
2100000
2000000
1900000
1800000
1700000
1600000
1500000
1400000
1300000
1200000
2201000
2200000
2100000
2000000
1900000
1800000
1700000
1600000
1500000
1400000
1300000
1200000
2201000
2200000
2100000
2000000
2201000
2200000
2100000
2201000
2200000
2201000
2201000
2200000
2100000
2201000
2201000
2200000
2100000
2000000
1900000
2201000
2200000
2100000
2201000
2200000
2100000
2000000
1900000
1800000
1700000
1600000
1500000
1400000
1300000
1200000
